0.000000 0.006693
0.010000 0.007392
0.020000 0.008163
0.030000 0.009013
0.040000 0.009952
0.050000 0.010987
0.060000 0.012128
0.070000 0.013387
0.080000 0.014774
0.090000 0.016302
0.100000 0.017986
0.110000 0.019840
0.120000 0.021881
0.130000 0.024127
0.140000 0.026597
0.150000 0.029312
0.160000 0.032295
0.170000 0.035571
0.180000 0.039166
0.190000 0.043107
0.200000 0.047426
0.210000 0.052154
0.220000 0.057324
0.230000 0.062973
0.240000 0.069138
0.250000 0.075858
0.260000 0.083173
0.270000 0.091123
0.280000 0.099750
0.290000 0.109097
0.300000 0.119203
0.310000 0.130108
0.320000 0.141851
0.330000 0.154465
0.340000 0.167982
0.350000 0.182426
0.360000 0.197816
0.370000 0.214165
0.380000 0.231475
0.390000 0.249740
0.400000 0.268941
0.410000 0.289050
0.420000 0.310026
0.430000 0.331812
0.440000 0.354344
0.450000 0.377541
0.460000 0.401312
0.470000 0.425557
0.480000 0.450166
0.490000 0.475021
0.500000 0.500000
0.510000 0.524979
0.520000 0.549834
0.530000 0.574443
0.540000 0.598688
0.550000 0.622459
0.560000 0.645656
0.570000 0.668188
0.580000 0.689974
0.590000 0.710950
0.600000 0.731059
0.610000 0.750260
0.620000 0.768525
0.630000 0.785835
0.640000 0.802184
0.650000 0.817574
0.660000 0.832018
0.670000 0.845535
0.680000 0.858149
0.690000 0.869892
0.700000 0.880797
0.710000 0.890903
0.720000 0.900250
0.730000 0.908877
0.740000 0.916827
0.750000 0.924142
0.760000 0.930862
0.770000 0.937027
0.780000 0.942676
0.790000 0.947846
0.800000 0.952574
0.810000 0.956893
0.820000 0.960834
0.830000 0.964429
0.840000 0.967705
0.850000 0.970688
0.860000 0.973403
0.870000 0.975873
0.880000 0.978119
0.890000 0.980160
0.900000 0.982014
0.910000 0.983698
0.920000 0.985226
0.930000 0.986613
0.940000 0.987872
0.950000 0.989013
0.960000 0.990048
0.970000 0.990987
0.980000 0.991837
0.990000 0.992608
